PLTSOLVD=T
CRPIX1= 3.1245000000000000E+003
CRPIX2= 2.0885000000000000E+003
CRVAL1= 8.3994166270476171E+001
CRVAL2=-5.3700846349646012E+000
CDELT1=-4.0305642746620214E-004
CDELT2= 4.0297756269818069E-004
CROTA1= 9.5115710037809976E+001
CROTA2= 9.5114538976654828E+001
CD1_1= 3.5939493649776407E-005
CD1_2=-4.0145091420747261E-004
CD2_1=-4.0137309792029634E-004
CD2_2=-3.5924257877238833E-005
CMDLINE="c:\program files\astap\astap.exe" -f E:\coding\ForthASTAP\Resources\focus\f1.xisf -log
DIMENSIONS=6248 x 4176
