PLTSOLVD=T
CRPIX1= 3.1245000000000000E+003
CRPIX2= 2.0885000000000000E+003
CRVAL1= 1.8618611197671737E+002
CRVAL2= 1.5158828852782799E+001
CDELT1= 4.0318997972066384E-004
CDELT2= 4.0326820307140510E-004
CROTA1=-8.2450664148831279E+001
CROTA2=-8.2470226428567557E+001
CD1_1= 5.2971039125089261E-005
CD1_2= 3.9969516979963316E-004
CD2_1=-3.9979078102574562E-004
CD2_2= 5.2844820136549992E-005
CMDLINE=ASTAP -f e:\images\2026-01-02\Model\c2699223ca7a.fits
DIMENSIONS=6248 x 4176
