PLTSOLVD=T
CRPIX1= 3.1245000000000000E+003
CRPIX2= 2.0885000000000000E+003
CRVAL1= 1.8278082344967856E+002
CRVAL2= 2.2665407320018787E+001
CDELT1= 4.0319742744278787E-004
CDELT2= 4.0302657085795538E-004
CROTA1=-8.2272686393688531E+001
CROTA2=-8.2275374843712598E+001
CD1_1= 5.4213355213366172E-005
CD1_2= 3.9953607798669645E-004
CD2_1=-3.9936931521188091E-004
CD2_2= 5.4171642809830105E-005
CMDLINE=ASTAP -f e:\images\2026-01-02\Model\fe7feef9da8f.fits
DIMENSIONS=6248 x 4176
