PLTSOLVD=T
CRPIX1= 3.1245000000000000E+003
CRPIX2= 2.0885000000000000E+003
CRVAL1= 5.6768965776997369E+001
CRVAL2= 2.3889596666131958E+001
CDELT1=-4.0277411531432347E-004
CDELT2= 4.0260293300628194E-004
CROTA1=-8.5041715965678577E+001
CROTA2=-8.5038704041481409E+001
CD1_1=-3.4811931652987344E-005
CD1_2= 4.0126689046297316E-004
CD2_1= 4.0109451896802925E-004
CD2_2= 3.4818221078423313E-005
CMDLINE="c:\program files\astap\astap.exe" -f image1.xisf -log
DIMENSIONS=6248 x 4176
