PLTSOLVD=T
CRPIX1= 3.1245000000000000E+003
CRPIX2= 2.0885000000000000E+003
CRVAL1= 8.1570125655109891E+001
CRVAL2=-1.6605140046350311E+001
CDELT1=-4.0296386758449117E-004
CDELT2= 4.0285788087769740E-004
CROTA1=-8.4924740080560085E+001
CROTA2=-8.4919526622839612E+001
CD1_1=-3.5647877053766946E-005
CD1_2= 4.0138399001481216E-004
CD2_1= 4.0127517436430965E-004
CD2_2= 3.5675014003668071E-005
CMDLINE="c:\program files\astap\astap.exe" -f image3.xisf -log
DIMENSIONS=6248 x 4176
